#AVG : 436.576
#best : 429.484
#run : 50
#population : 3000
#sec : 113
46  12  47  4  18  14  25  13  41  40  19  42  44  17  37  15  45  33  39  10  49  5  38  11  32  1  22  2  16  50  9  30  34  21  29  20  35  36  3  28  31  26  8  48  23  7  43  24  6  27  51  
#AVG : 437.976
#best : 430.746
#run : 50
#population : 3000
#sec : 108
25  13  41  40  19  42  44  17  37  15  45  33  39  10  30  34  50  9  49  5  38  11  32  1  22  2  16  21  29  20  35  36  3  28  31  26  8  48  23  7  43  24  6  27  51  46  12  47  4  18  14  
#AVG : 438.087
#best : 428.872
#run : 50
#population : 3000
#sec : 135
38  11  32  1  22  8  26  31  28  3  36  35  20  29  2  16  50  21  34  30  9  49  10  39  33  45  15  44  42  19  40  41  13  25  14  24  43  7  23  48  6  27  51  46  12  47  18  4  17  37  5  
#AVG : 440.454
#best : 429.484
#run : 50
#population : 3000
#sec : 145
14  25  13  41  40  19  42  44  17  37  15  45  33  39  10  49  5  38  11  32  1  22  2  16  50  9  30  34  21  29  20  35  36  3  28  31  26  8  48  23  7  43  24  6  27  51  46  12  47  4  18  
#AVG : 438.682
#best : 430.612
#run : 50
#population : 3000
#sec : 142
25  13  41  40  19  42  17  37  44  15  45  33  39  10  49  5  38  11  32  1  22  2  16  50  9  30  34  21  29  20  35  36  3  28  31  8  26  7  43  24  23  48  6  27  51  46  12  47  4  18  14  
#AVG : 439.194
#best : 428.872
#run : 50
#population : 3000
#sec : 135
12  47  18  4  17  37  5  38  11  32  1  22  8  26  31  28  3  36  35  20  29  2  16  50  21  34  30  9  49  10  39  33  45  15  44  42  19  40  41  13  25  14  24  43  7  23  48  6  27  51  46  
